9504291225
8292675506
7739489383
8603361207
9060620551
9504291225
6201824782
9065578651
6207444856
6201896416
7061315281
7209809249
7257804226
7717742034
7739503265
7782917142
8825389361
6204244179
7070601823
9507028448
9262314402
9508439950
9508136102
9508136102
6204262389
8434110536
8434110536
8603037814
8603037814
9006861140
9006861140
9050309971
9113794934
9113794934
9122571827
9122571827
9123280053
9123280053
9315865782
9315865782
9334476707
9334476707
9334476707
9801108041
9801108041
8210244171
8271162179
8434586513
8477004151
6299218618
7549773514
8210806527
8210806527
9304900918
9430196071
9696173202
9835393173
6201400476
8294039332
8409827327
7970341458
8544327370
8603037814
9801108041
9798906779
8409065945
8540012104
9534102002
8051828513
8084071385
8102519279
8102637982
8126095319
8210220469
8292458616
8292904527
8307351826
8406025617
9534159051
9534379694
7070575866
7870946040
7070575866
9473013336
6204619058
7321927676
7479620434
7678352136
8002945184
8102193321
8107231394
8107231394
8603315850
9113446439
9155144990
7992238940
9472369868
6204735929