6307057797
9261712674
9973348061
6207756860
8290210325
9610438960
8529800768
7970716981
7061197797
6201672903
7295880595
7033575359
9910829634
8210331347
7091579124
9695558135
9555878236
8529483540
8789991624
9560035302
8209493398
7739111572
8507009843
9548976997
7004890048
7067423108
7357986810
7011202364
7070847059
7564966056
7352535436
9570804660
9471262964
8853953773
7667376772
6202100608
8210809864
9106970868
9896188730
8847524196
9955687777
7667697120
7062393397
7319827807
6299249898
7061524837
9064515938
8360304174
8210382310
7992347587
6201221720
9546481563
8005752782
9504291225
8084828602
8603361207
9060620551
9386346283
9835005666
8507090402
8935964374
7619415345
6201282720
7061197797
7295880595
7073665402
9205023297
7645880667
7667989954
9262977086
7073958363
9119334720
7376227729
7257970541
8005945047
9304459665
7903945782
7376551177
8696115221
8094370941
8637357310
7992319727
9079923817
9693057351
8290387449
9471090477
9973348061
9693427988
9693547041
9521863941
9835529868
9534080845
7633082567
9472958557
6377331314
9262579956
7323894357
7330773104
9555878236
8052538641
9462727303
6006793186
8918740247
8477004151
7076832668
6394148829
9587009371
7209854106
7488615526
6205778269
8905429948
8969364388
9119364141
8529141887
8574222715
8967941957
7004907411
9113184634
9926295533
9636199552
9334921324
8477004151
8302346447
7439826412
9693008518
9695558135
7667697120
6377923585
9390676600
7081360126
6202654574
7542822065
8012393524
8825306642
8603523325
8507538407
8541883984
8707880499
7088215563
7398138288
9573272688
6386935133
9026149423
7645880667
8709731289
9871473279
8792464192
9504291225
8292675506
8603361207
9060620551
9504291225
9065578651
6207444856
6201896416
7061315281
7209809249
7257804226
7717742034
7739503265
7782917142
8825389361
6204244179
7070601823
9262314402
9508439950
6204262389
8434110536
8434110536
8603037814
8603037814
9006861140
9006861140
9050309971
9113794934
9113794934
9122571827
9122571827
9123280053
9123280053
9315865782
9315865782
9334476707
9334476707
9334476707
9801108041
9801108041
8210244171
8271162179
8477004151
6299218618
7549773514
8210806527
8210806527
9304900918
9430196071
9696173202
9835393173
6201400476
8294039332
8409827327
7970341458
8544327370
8603037814
9801108041
9798906779
8409065945
8540012104
9534102002
8084071385
8102519279
8102637982
8126095319
8210220469
8292458616
8292904527
8307351826
8406025617
9534159051
9534379694
7070575866
7870946040
7070575866
9473013336
6204619058
7321927676
7479620434
7678352136
8002945184
8102193321
8107231394
8107231394
9155144990
7992238940
6204735929
